1 10
100 200
201 210
900 1000
20 30
10 1
200 100
300 600
1000 900
30 32
384 82349
34 234
48 38492
983 4828
4839 8483
839 3
20 21
2 3
4 5
6 7
1 10
2 20
3 30
4 40
5 50
60 6
70 71
12 20
12 12
4 3
42 34
25 4
3 45
25 2
353 4
36 456
3 34
534 3
645 63
6 356
4 745
63 46
5636 343
45456 45645
536345 44
453 34
3453 345
454 4532
340 304
94 4598
498 584
45 929
3948 2938
29 34
848 320
1 2
23 12
2 3
2 1
2 5
393 232
494 5984
5456 4564
5364 44
43 34
45345 345
44 4532
40 304
94 458
98 584
45 99
700 3
2343 23
343 34
3423 23
409 50
345 39
48 5050
50 4040
3948 2938
34 344
2323 3444
203 403
2 34
34 43
23 3
2390 34
23 596
4398 4
584 539
459 445
49 3394
584 6092
95 7
72 4
492 5950
2094 295
395 838
20 343
395 9332
7551 8693
2445 3743
1104 3786
6715	382
5047	6218
7817	9679
5223	6469
7397	796
1355	6150
8772	8220
8268	684
511	8090
548	5566
3211	7702
1980	2466
9615	7693
3553	685
1548	9973
9236	8268
9613	58
8772	6303
7911	9616
4838	6554
9016	5004
4954	4433
185	9225
565	4883
3527	2758
2200	7008
1039	8710
5755	5551
6066	5378
2304	2736
5289	3342
8940	4502
8190	7222
7194	7399
7191	4494
7142	2203
9195	3609
4804	2145
5509	5592
8722	1327
9698	7619
2857	1277
1004	3632
8543	9412
8549	5050
9930	6009
2383	7199
7973	8605
7313	2133
5819	7432
1742	3267
7122	6212
1444	5934
947	411
2786	963
2630	3767
4733	9631
6913	9021
2424	1813
5527	8138
8865	2118
7983	7036
2406	6849
5933	9532
3191	2596
9385	2456
417	756
3167	9992
7300	3550
3061	1415
166	9822
1858	5699
6979	9717
3034	3388
7621	3957
1373	4098
5435	6772
7428	5276
1057	3272
7064	7496
2507	9443
3224	7533
1668	8666
7227	9141
7067	8722
2449	2935
7039	6141
3845	3343
6535	1705
4948	9821
1058	8784
6860	6219
1839	1700
6195	1013
9351	5450
5797	3573
9447	7430
297	9055
5563	4192
8641	7421
9555	1082
6506	9644
1807	2097
8929	2488
5339	5385
6341	9897
6651	3891
6335	2662
3255	9646
3138	8721
3463	4840
8937	174
6523	6314
5800	9431
7806	7673
1874	5177
2685	4011
3108	9612
8489	7246
806	676
3542	1203
7119	7666
6794	522
6623	8884
5564	1688
8406	5474
4148	4955
9543	3685
5495	434
4697	3082
3999	8044
9491	582
9368	1902
8496	701
5908	418
987	5639
3039	6989
7382	4638
8655	2692
7659	6159
8124	2086
2150	9690
4304	1555
5176	9124
4589	971
3421	2357
4785	1706
9056	2045
4528	5543
4495	2071
8293	5283
7006	6781
9530	7280
8189	4777
825	1107
9915	4883
3194	3225
5513	7808
882	6691
9685	224
2373	75
688	3063
9076	3796
9952	6016
6968	9784
2367	6167
9100	6211
4018	7468
6798	1921
7691	5193
6971	3493
3280	8124
4008	4941
12	5022
3309	5349
6443	8262
6421	4556
6188	4118
4022	7006
5699	5179
5252	5353
3021	5714
2928	1233
1557	2115
8218	702
1139	1606
348	7806
2189	6422
4343	5659
8104	3127
2560	8605
9648	3875
5998	8483
4757	6042
8962	3039
549	8683
7986	4909
1278	8362
393	1281
5120	858
3741	9749
431	9419
8271	8564
3374	9273
7970	774
7863	6551
9789	8115
930	2843
3199	4431
6455	9206
4461	2478
2434	8276
3757	5133
4629	4421
4853	526
3933	5240
2471	7737
7452	9978
8460	2727
6360	5537
3620	250
8650	7047
6450	4430
4375	6407
3654	8864
9409	2164
7699	1753
2057	7411
8022	6348
3974	798
5845	12
9929	1483
8621	2888
8219	4330
6181	6790
7542	4487
3548	9407
5977	9050
7660	7544
6250	4340
1310	8090
3117	6623
4139	8347
2612	8036
5422	6463
107	1051
3616	4086
8941	9284
127	4568
2380	2673
2877	2488
9855	6653
256	2904
8042	9213
3760	1814
9371	8797
5482	4059
1950	8097
2801	8808
2474	819
299	1323
2064	6047
6949	7490
3137	8712
2280	2523
9955	9011
1299	8173
8170	8010
5081	3172
3544	2447
391	7804
9480	7313
5481	2057
3913	4766
1292	188
8333	6002
7174	5703
9440	7285
4856	5025
6829	7702
397	5264
6689	4786
8357	8308
2628	1255
7176	8701
9290	8456
6800	5786
1607	3738
5939	1456
4632	3955
4408	8803
8095	3468
9451	8137
4918	5859
1007	2807
6828	1484
1403	1906
8568	3161
9209	286
260	132
6243	2862
5263	2436
8458	7007
7382	2571
3512	730
8155	5032
4934	2018
6848	5326
3996	8902
3226	8463
5547	8781
426	6943
8440	6005
1289	275
4109	1629
7420	7084
1406	5609
3442	2881
287	8391
7940	8431
5913	5978
7312	4098
7586	230
8813	526
6442	3072
9729	3707
6814	6247
5940	762
9597	1725
4417	1208
1349	1428
3464	7302
3548	5490
7739	8943
4160	1950
7286	1310
4378	442
5398	3241
2136	661
3941	2109
3377	3570
8779	2624
2442	8887
4943	5725
2033	1139
9953	8272
3666	3457
3191	1062
8438	4539
1677	9544
8097	5967
517	7385
8162	4851
252	9918
2874	6128
7750	94
6481	1578
2252	2267
5388	6703
403	9286
2683	5740
8570	5046
244	4371
3477	5824
8195	7092
6410	3289
8312	6842
3386	5046
4857	9472
1393	8483
2386	5361
4323	1104
6593	4521
732	8292
7247	5417
8764	7129
1007	6868
7528	2356
2560	1446
1072	3375
3431	2621
7153	2206
6762	7079
204	4861
1964	4408
6148	2518
4303	5525
3202	336
1036	3818
206	7452
2946	4976
1481	2901
4147	1739
6708	4972
3501	6841
6526	4942
5804	7974
4591	5391
5813	39
7815	4268
101	1239
5737	71
2155	1759
8820	7726
3523	150
9706	7030
4715	9251
2488	628
4825	5384
2835	7698
4987	9410
4941	8490
1278	5812
44	9915
2760	7564
1182	5080
4965	3336
5206	9290
3166	678
8405	4250
4929	895
2380	1350
4574	6836
5650	867
9404	9187
5646	5018
7201	3540
9214	6493
5076	9333
6891	6423
677	7957
6526	1837
3325	5741
581	5194
5285	830
6463	2308
3044	7739
3404	4768
7813	8350
7202	2291
8421	3739
7591	5330
5245	6752
555	2279
3995	555
2719	270
8663	677
6172	6088
1494	2577
4852	4158
1641	1208
2957	4154
924	4877
4394	4783
4756	4585
3779	7271
5039	3236
5505	981
6658	1694
1986	5553
5855	9663
7114	368
6354	3267
3710	1704
9938	7814
9583	4321
4016	7776
3772	4148
7969	6796
9440	4733
234	5600
7210	889
7734	5300
5879	8610
5354	6886
393	9486
9854	850
2976	2756
9642	8524
1801	6029
5997	7967
472	1958
7481	6460
5624	3256
3548	7057
3106	8609
2393	8122
6989	3495
7714	9126
1195	9672
5548	2368
1410	2807
1484	7903
2782	5332
3408	7271
8758	3830
2360	5529
1748	9089
1085	5801
3023	2462
2173	6679
1223	428
2513	7527
4230	601
4249	4277
4948	8910
2355	7862
3414	342
9439	382
4093	4558
8324	3049
7080	4918
6850	8301
3184	9418
7950	8613
5057	2946
558	561
4841	6817
4942	3473
7717	2899
3524	4296
9747	6043
8443	8355
8943	2291
9816	8882
9184	2216
7300	8502
7137	6102
1860	8591
6874	8224
4476	794
5955	6791
5238	8328
529	7633
6603	3562
2519	6505
8165	3133
4743	9869
6037	8666
2375	7148
7299	5092
5757	2086
6323	1973
3601	2676
7542	317
6931	3632
7218	1986
3320	5146
8851	5749
3056	9516
708	1573
9451	3685
3843	924
8611	5674
7954	3869
8910	4949
3640	7570
9250	9919
7110	4347
9377	6182
4747	4638
1061	480
715	8002
5756	3623
4309	969
2076	2210
2714	4602
3677	4387
6937	8306
7375	4016
9297	6515
9318	3842
9769	8369
4552	8169
3553	2987
9592	3828
2696	8981
4563	6558
2129	7837
2533	3395
2038	818
5597	1038
5112	436
7215	2730
275	345
156	3581
1384	6995
6997	6468
128	7266
1079	4468
9623	9497
6710	8248
8471	8238
842	2878
7867	8006
687	9432
2810	4028
4108	3057
8025	6271
9936	3247
5239	2437
8393	5402
3661	1178
7565	1609
2949	3621
6209	9103
9391	2432
3061	3502
1899	2517
3311	9493
6607	6566
3212	7533
1742	8359
5875	8769
6243	3460
4813	9397
5910	4951
3099	8029
781	8193
9671	1786
1560	376
4854	1998
3952	2048
3952	757
1180	8606
5873	5077
9932	6389
553	1965
9259	646
8448	2152
2102	3965
7823	856
4045	2623
2441	8153
7238	7495
4223	2489
8585	3634
3312	2033
9284	7425
5596	875
9967	2594
8979	4128
9214	3013
4627	4894
3429	6369
1686	5859
9217	7887
928	7143
71	5998
9420	3449
8164	3835
3196	6166
9221	6044
3746	6463
6891	3527
7432	9570
3923	5697
9941	9468
7703	5936
1468	2631
4016	1368
9652	6014
1319	6507
4350	9837
1788	9289
2291	5456
3550	7353
8846	9198
4405	653
5841	2774
3418	7700
3197	9908
9447	1037
6061	9356
7862	7504
7196	6859
9047	9510
2907	3105
9574	80
9357	8646
6405	7526
4310	9525
6628	1295
1558	5456
5739	8620
7407	5683
2441	4997
823	3508
7292	3804
5769	1730
4988	8239
3958	367
2212	2597
9634	1986
3707	9399
7224	2476
1262	4066
7532	6747
1178	7148
5475	2253
6222	6099
5276	1715
7843	1149
4973	3771
4879	2447
3937	3909
8669	9036
772	4891
8851	4612
7255	9249
7867	9044
3630	9799
237	6101
9856	4870
4777	1319
755	1185
4457	3684
1293	3020
7757	6478
4097	6663
9132	1333
9780	2684
8663	4955
8104	5527
9255	4010
7197	3161
1569	8415
4269	9876
3860	254
1938	2371
5989	7431
2985	1629
7501	634
9868	3922
7679	3642
2194	3847
4515	1962
1368	1774
9771	2281
7230	8509
2803	1120
756	2190
6441	7424
4971	7052
1419	4646
5835	2222
9437	8835
5298	8727
404	9885
2197	9968
400	9916
3739	5354
3047	8818
705	1568
2076	9713
3150	4225
9286	1111
6246	4759
1257	5530
9387	7076
7184	4249
756	4190
8954	8788
4250	445
2617	6377
4083	7993
6293	5179
9501	4111
6724	6874
5013	7132
359	6283
5150	8730
792	9598
1055	1934
9893	5763
8142	6633
6530	2316
71	2281
4853	5697
800	305
6923	3288
9489	8000
9097	195
1487	5285
7487	697
4864	2771
3542	4166
5480	6095
2974	5271
4124	5457
7505	3993
1596	3393
8563	2015
8118	5712
8814	3671
8202	2715
7957	399
764	4552
5993	8275
8709	969
8587	5615
8627	8677
4115	9073
4569	1573
5282	6219
1804	7230
6197	2617
8857	103
4017	9534
4396	8605
4528	5275
8623	3037
3228	1347
8832	8339
986	2141
3769	7377
2889	2231
9147	9463
963	7165
262	3977
7382	3527
7774	3926
8082	1840
9784	5386
6142	8841
4656	1273
9399	1238
8148	217
4362	3896
9876	4245
3949	9342
1425	2552
1823	9818
524	2182
2554	1325
307	7811
1657	4099
9009	3177
7031	3357
8272	9236
3804	5195
3740	8813
2	8713
2487	3869
4388	2540
6034	5900
5679	5190
4492	6215
7389	8445
2573	9034
5993	3902
5168	3995
749	6805
1455	1748
9828	5866
12	3703
8775	5788
5169	948
2991	3937
3731	2600
8175	4107
500	6581
574	4553
9430	5671
2105	5217
7688	7984
9178	2832
2077	9552
1659	8383
3324	8296
1109	1128
7655	2182
962	3830
594	2440
6246	703
6256	1371
588	5574
9017	2775
3515	5631
4322	2961
417	6157
7982	357
3482	5343
6132	165
945	3538
4359	5739
6372	282
9704	8606
7711	2205
5428	4955
2366	2246
1298	3359
8457	7340
5225	3035
3509	1715
5804	1870
8282	6979
9222	8391
381	9098
9282	7304
6332	2529
8406	4785
5403	1459
3454	3806
3985	1630
3257	5091
3523	9450
4656	6490
7710	249
6279	3693
9617	2637
8224	5127
5726	2287
6190	9494
3234	1521
595	60
8501	1171
9536	2596
3066	2546
9310	4130
2262	5293
6869	1160
7089	3582
5178	7641
4208	2690
6307	9224
6859	1128
9132	5268
8934	6242
8994	5164
2045	8549
5240	8097
615	6440
8235	7355
7362	8126
2910	4710
9822	4727
3626	3414
7663	6557
2283	1512
2034	8985
1311	3530
2284	1639
3895	5822
6570	4425
44	3194
153	908
3199	3932
2586	7376
9642	1978
1946	8261
423	3098
8796	2169
8973	6101
7547	8892
6106	5421
5060	1395
4719	9453
6147	6852
1314	9991
9978	3096
7274	4186
7041	9825
2502	5797
9619	3456
2436	6981
3261	762
2555	3172
1544	550
3482	6446
7353	9493
8536	6388
2788	8488
9842	5610
8585	1601
1123	2629
4928	3829
9126	9292
1669	1390
291	9165
8544	745
8849	9375
5563	2109
738	5401
8114	2981
6379	1946
2010	9764
6227	4192
9358	313
1274	6078
6920	4304
5292	7347
9009	4135
8842	5256
4523	5443
4449	5660
6538	4059