15826:
4.0
4.3
3.6
3.7
3.5
3.9
3.6
3.7
4.1
3.9
4.1
3.8
3.8
3.9
4.3
3.6
4.1
3.8
3.9
3.7
4.1
4.3
15827:
4.2
3.7
3.7
3.8
3.6
4.0
3.7
3.8
5.0
4.0
3.8
3.6
3.7
3.8
3.8
15828:
3.0
2.7
3.4
3.6
15829:
3.4
3.2
3.4
3.0
2.7
3.6
3.2
3.4
3.4
3.3
3.3
3.3
3.6
3.8
3.4
3.8
3.0
3.7
3.4
3.3
3.2
3.1
3.7
3.7
3.5
3.6
3.2
3.2
3.6
5.0
3.8
2.9
3.1
3.2
3.5
3.6
3.1
3.7
3.2
3.4
3.7
3.7
3.7
3.2
3.2
3.7
3.5
3.1
3.3
5.0
3.5
3.5
3.3
3.3
3.2
3.3
3.4
3.5
1583:
3.4
3.5
3.3
3.6
3.4
3.7
3.4
3.6
3.5
3.6
3.3
3.5
3.5
3.3
3.2
3.6
3.0
3.4
3.5
3.5
3.3
3.6
3.2
3.3
3.4
3.4
2.9
3.3
15830:
3.5
3.9
3.8
3.7
3.4
3.7
4.1
3.5
3.7
3.3
3.5
3.4
3.6
4.3
3.4
3.4
3.8
3.5
4.0
3.9
3.8
3.8
3.4
3.9
3.6
3.6
3.9
3.3
3.6
3.9
3.7
4.0
3.8
3.7
3.5
3.5
3.7
3.4
4.1
3.9
3.7
4.1
3.7
3.5
3.6
4.0
3.2
15831:
3.1
3.4
3.5
15832:
3.2
3.8
3.1
3.6
3.4
3.0
3.8
3.2
3.7
3.3
15833:
2.9
3.0
3.2
3.1
15834:
3.2
3.1
2.9
3.3
3.0
2.6
2.9
3.3
15835:
4.5
4.2
4.4
4.2
4.2
4.5
4.2
4.0
3.7
4.0
4.0
15836:
4.0
4.7
4.5
4.9
4.0
4.7
4.3
4.6
4.6
4.4
4.3
5.0
4.5
4.3
4.6
4.4
4.2
4.7
4.5
4.2
4.6
4.5
4.3
4.8
4.7
4.6
4.4
4.4
3.9
4.3
15837:
5.0
2.2
2.2
2.9
2.5
3.0
2.8
3.2
15838:
2.6
15839:
3.9
4.0
3.7
4.0
3.5
4.3
4.2
4.3
3.8
3.5
4.1
4.1
1584:
4.5
3.6
3.8
4.1
3.8
3.8
15840:
3.5
3.3
2.8
3.6
3.2
3.2
3.3
3.0
3.3
15848:
3.6
3.9
3.2
3.5
3.6
3.8
3.9
3.9
4.3
3.9
4.2
4.0
4.0
3.9
3.8
3.2
3.6
3.7
3.5
4.1
3.8
4.3
3.8
3.8
3.5
3.9
3.5
3.7
3.7
3.9
3.5
3.6
4.2
4.0
3.9
3.7
4.1
4.0
3.6
3.6
3.6
3.3
3.6
3.6
3.9
3.7
3.6
4.2
3.8
3.7
4.2
3.9
3.6
3.9
3.7
4.0
3.4
4.0
3.7
3.9
4.0
3.7
3.6
3.4
3.8
3.9
3.7
3.7
3.6
3.7
4.0
3.4
3.7
3.8
3.6
3.6
3.6
3.7
3.9
3.8
3.4
15849:
2.9
3.5
1585:
5.0
3.7
5.0
3.4
3.1
3.8
4.1
3.8
3.7
3.5
4.0
3.3
4.1
3.3
3.7
5.0
3.5
3.7
3.4
3.7
3.9
3.6
4.1
3.7
4.1
3.3
3.6
5.0
3.6
3.9
3.4
3.6
3.9
3.7
3.3
3.7
3.9
5.0
3.7
3.9
3.8
3.4
3.8
3.9
3.9
3.6
3.9
3.3
3.5
3.4
4.1
3.4
3.1
4.0
2.8
3.4
3.6
3.5
3.2
3.6
3.7
3.6
3.8
4.0
3.4
4.1
3.7
3.5
3.6
3.6
3.5
3.9
3.5
5.0
3.7
5.0
3.5
3.2
3.9
3.4
3.5
3.3
3.4
5.0
3.0
3.3
5.0
3.8
3.8
3.5
3.5
3.4
3.5
3.4
3.5
3.4
3.4
3.7
3.6
3.6
3.4
3.0
3.8
3.5
3.4
3.3
3.7
3.5
3.6
3.6
3.5
4.0
3.6
3.8
5.0
2.9
3.5
3.2
3.8
3.8
3.5
3.4
3.5
3.5
3.4
3.9
3.7
5.0
3.6
3.5
3.1
3.6
3.9
3.6
3.4
3.7
3.3
3.3
3.6
3.7
3.6
3.7
3.8
3.9
4.1
3.6
3.4
3.8
3.6
5.0
3.8
3.6
3.6
3.7
3.6
3.5
3.2
3.5
4.0
3.4
3.3
3.9
3.5
3.7
3.8
3.4
3.6
3.4
3.2
3.8
3.3
3.6
3.9
3.5
3.7
3.6
3.2
3.3
5.0
3.8
3.7
3.7
3.7
3.3
3.9
3.7
3.6
3.7
4.1
3.1
3.8
3.7
3.6
3.8
3.5
3.8
3.4
3.7
5.0
4.0
3.2
3.7
3.4
3.9
15850:
2.9
3.0
3.1
15851:
2.8
2.9
3.4
3.3
3.3
3.2
3.3
15852:
4.2
4.2
15853:
3.6
3.9
5.0
3.5
3.6
3.4
3.7
3.4
3.9
4.1
3.4
4.0
4.1
5.0
3.2
3.9
3.9
3.4
3.8
3.9
3.3
3.5
3.8
3.8
3.7
3.9
3.9
3.7
3.6
3.8
3.8
3.3
3.8
3.8
3.9
3.6
3.7
3.7
3.4
3.9
4.0
3.5
3.8
3.6
3.7
4.0
3.8
3.9
3.8
3.8
4.0
3.7
3.4
3.4
3.7
3.9
4.0
3.4
3.8
3.7
3.7
4.1
3.6
3.8
3.7
3.5
3.4
3.5
3.4
4.1
3.8
3.7
3.9
3.5
3.8
3.3
3.4
4.2
3.7
3.7
3.3
3.6
3.9
3.3
3.4
5.0
3.9
3.8
3.6
3.7
3.5
3.3
4.0
4.0
3.8
3.6
4.1
3.5
3.5
3.9
3.2
3.5
3.2
3.7
3.7
4.1
3.6
3.9
3.9
3.8
5.0
4.0
3.7
5.0
3.6
3.9
3.1
3.4
4.0
4.0
3.5
3.4
4.1
3.9
3.9
3.9
3.6
5.0
3.8
3.8
3.7
3.6
3.7
3.4
3.3
5.0
3.2
3.2
3.6
3.4
4.0
4.0
3.5
3.7
3.6
3.9
3.7
3.6
3.7
3.4
4.0
4.1
3.7
3.4
3.9
3.7
3.3
3.8
3.9
3.4
3.6
3.6
3.4
3.5
3.7
3.3
4.2
4.0
3.5
3.5
3.7
3.8
3.7
15854:
2.5
2.4
1.8
2.1
2.0
1.9
15855:
3.9
3.5
4.1
3.9
3.9
3.2
3.9
3.6
3.3
4.0
3.5
3.9
3.9
3.9
3.5
3.7
3.7
3.2
4.1
3.8
3.9
3.7
3.2
3.6
3.7
3.4
3.8
4.1
5.0
4.0
3.3
3.7
3.9
3.9
3.2
3.8
3.9
5.0
4.0
3.6
5.0
4.1
4.1
4.1
4.1
3.9
4.0
4.0
3.4
3.5
3.5
4.2
4.1
4.0
3.8
4.1
3.8
3.8
3.8
3.6
3.9
3.7
3.5
4.3
3.6
3.6
3.6
4.0
3.6
4.0
3.6
3.8
3.2
3.7
3.8
3.9
3.7
4.2
3.7
3.9
3.7
4.1
4.2
3.3
3.8
4.1
4.0
3.3
3.7
3.9
3.8
3.7
3.8
4.0
3.9
3.8
3.8
3.7
3.9
3.7
3.7
15856:
3.0
4.2
4.0
3.9
3.3
3.6
3.9
3.6
4.0
4.1
4.0
4.1
3.8
3.5
3.3
3.6
4.0
3.8
3.7
3.5
3.7
3.5
3.9
3.8
3.3
3.5
3.4
3.7
15857:
4.4
4.0
4.2
3.9
3.8
3.6
3.8
5.0
3.9
5.0
4.4
4.3
4.1
15858:
3.8
4.4
4.2
4.5
4.0
4.0
4.0
4.2
4.1
4.4
3.8
4.1
4.2
4.1
3.7
4.0
4.0
4.3
3.7
4.4
4.0
3.8
3.6
4.4
4.2
4.2
4.6
4.3
4.2
4.0
3.9
4.0
4.2
4.2
4.1
4.1
4.4
4.1
3.7
4.4
4.3
4.1
3.9
4.1
3.9
4.1
4.3
3.8
4.1
4.1
3.8
4.3
3.7
4.2
4.2
4.5
3.7
4.5
4.0
4.0
4.4
4.3
4.3
4.2
4.0
4.1
4.2
3.9
4.1
3.9
4.0
4.2
15841:
3.6
4.2
RMSE: 0.94
