15826:
414332
418752
71079
1002367
782611
1819758
2488565
1785082
300388
1424040
1228248
2040697
2622453
10490
2593255
2597326
2241263
1151430
807328
1199938
1422883
575897
15827:
1762675
2421801
376203
251463
1403658
741977
4804
1661519
1198768
145514
140416
184726
2279203
1716938
1950123
15828:
1468881
1668546
1003738
2021414
15829:
2369008
1295115
2496084
521486
854751
343194
2381405
2177788
2083484
2045586
1377655
2277477
2584461
2163534
1341674
2477886
751145
460122
2555567
1299214
330080
1773760
481736
2228980
1030265
2000621
317965
400547
2551574
1122070
330566
350389
414345
1127358
1231128
1983567
625172
1099130
2532189
2293307
1129287
964024
1095469
2111071
1813174
554061
1699224
448712
1021638
2401559
1357661
1783157
1119005
246391
1981464
1594632
2084101
1475972
1583:
184544
1868355
1814370
2243507
647651
2306009
1163369
862421
1386297
817987
1270777
2597664
2648784
2395459
2006192
2588872
426226
32535
1989374
772381
267384
624245
2299673
1777964
134236
817878
148652
186792
15830:
798181
688738
1589443
415206
870391
2101518
992341
430186
2341605
875864
2050889
681750
1945838
1972277
1793530
178886
2427636
2076278
952264
2131805
625413
2539964
227861
300683
1887492
728937
2292942
2323941
104792
169506
2165696
724752
333573
1438796
1133963
1835436
1553470
1315963
2170974
1206084
1038779
456518
908376
182203
1921038
1201270
1929361
15831:
223961
1963003
1875657
15832:
1462949
2246845
2052636
2306573
2100637
1035672
1361167
11526
594340
2634401
15833:
1662989
1032555
2517955
1389432
15834:
2194342
632903
1090577
2267687
360436
707445
2459219
2474307
15835:
2119014
203218
1883871
2384562
181294
2544118
153058
2078102
84780
1765902
2197796
15836:
1913235
2599774
2442910
2496962
2606497
1262663
1743858
724667
371378
264900
2271519
2374485
170614
386068
206122
22316
261806
2296292
715005
580672
1867337
1225219
2101842
783767
483088
1479719
2621587
263016
948180
2592269
15837:
403531
2334769
1114349
1281471
1254295
574441
2632858
1533695
15838:
2072674
15839:
192263
114188
2430009
1710674
1758873
2288768
823878
615215
2213149
866419
1644878
2297095
1584:
808169
648368
2304904
1673445
2143735
1032637
15840:
232044
751705
385569
543507
458962
2648194
1740882
1695120
1605013
15848:
684076
1115532
447262
924822
172500
829088
2004644
1396153
863100
1957453
818732
100840
1507260
2568839
1330894
395320
2057618
500595
1190257
844101
1385154
1187409
1861522
243151
1307425
2032455
754919
627882
1091510
2456018
793428
274966
667752
106031
309836
576319
219940
573885
1096899
326916
2399506
1683599
1640947
1605218
262405
2620511
1689683
1812531
1397424
1130851
2543694
1842332
2110837
954682
407944
1795428
1066934
486766
2361708
2639858
2016423
1982177
2218251
631611
475386
1967681
941288
419623
2008149
2581552
2044595
1500168
2397359
21891
841872
2155744
1653387
561905
1259287
1063035
2076482
15849:
1716604
439768
1585:
578405
1971581
33001
86959
274685
1039981
2341200
2598039
1062016
987066
1942930
2093130
987144
974446
1653655
1097045
1905579
1037838
1341649
2292783
1882255
897156
1640460
1067246
2359703
787917
2152800
1376175
125496
1046819
2560417
1739639
692536
1890550
2473882
1258636
110126
2351185
2509394
1376918
2323535
335750
1157184
264223
1584524
2298501
1581635
490972
1342040
159719
2197532
1361524
51130
1293422
1900638
2538389
2578666
1835771
2435716
919727
2220396
2324215
1191484
1665842
344542
2232338
545212
368832
2581550
432259
1528804
281276
1317255
570497
2630524
1306806
2477559
1561273
1635154
662177
2438804
507821
356980
852065
520028
1235337
175404
1951712
914668
1570326
246868
1825437
2305930
1259801
1803867
390371
315705
516728
252851
1951881
1786831
387496
392797
644638
1863554
1905352
1554202
1366097
291035
35747
1758133
1285334
587906
1928457
1056936
383404
1425573
2460857
442467
2522379
1458113
2202688
1216365
699511
470505
2640759
342195
167878
1509704
2165429
845171
2396304
1135473
1605288
2311039
1584694
1697460
2402132
1314399
1437755
1510547
1987835
1734610
2374784
37577
1488479
1951001
1769330
58863
1568779
655852
1351914
465192
1918877
849418
14869
1318489
738850
1062870
2510722
317407
1665904
628437
151753
1450367
1882837
50112
1666184
384084
1916755
931279
2525182
415543
127039
1713534
1030929
1783085
1434506
1387358
2580747
736558
1907290
137511
1577869
1395476
1321668
1489031
2350892
368960
770006
590318
1582784
609891
1731609
1208659
56635
1824240
388221
1747472
2300163
1181654
1527578
1096771
2406977
15850:
104604
2364636
1895059
15851:
237410
2381322
1502901
1716405
947909
226505
2240624
15852:
392790
1836648
15853:
1318915
2237038
1481710
430340
1013673
1467118
2312028
1090617
2226950
609437
526348
292309
2153290
168532
1438371
469240
2245176
1084116
130412
1003153
632664
1412906
2461715
2169273
72192
1667210
621004
119566
951792
2009297
1597006
2088599
707298
633672
268622
2169373
2613456
1511930
340495
2514060
1961352
421784
1592496
1546766
428074
2158938
1708842
506115
1869250
2068067
2227954
938784
2507385
657334
453960
1243987
839078
1650155
2294749
287556
1734381
324691
1116930
2165215
1467573
1371541
467190
2599885
2578634
877142
2102786
583709
407409
1962875
1527097
741995
1198530
161259
466576
2068698
2055928
2182052
941186
658400
4087
688965
790531
1654891
103040
931919
2305009
1894128
265957
1765589
1766561
1790247
569423
80955
1621672
144716
1148186
1182093
918380
2000631
901763
993792
1236562
1938667
1357201
879228
2595570
1475004
101618
2122285
1447802
2490981
613712
2641041
2354671
706860
1556530
1862934
2126237
480316
2462346
135392
308497
555684
1430375
934437
1760
1389268
1648487
736413
2591433
1341850
2099523
1286973
2591150
678944
2475889
89205
114573
1981043
1836818
2175892
1870355
1752175
1092610
610095
2385415
182126
340529
1958844
2506919
759204
1130056
696047
2578911
1580388
1625686
543164
2242229
482807
333198
2143189
1906890
1955703
1835239
760320
385734
2291221
1171827
15854:
1333904
508040
459094
1339577
2641871
1569226
15855:
1580764
1099842
2510142
580343
1166936
1021233
1061782
880600
1062067
1016960
2279018
2568837
2380311
151158
647176
725529
852010
2318153
575846
2008642
736649
77890
185541
307660
136445
2312284
1714614
229965
2180350
1900719
2315823
885560
2406655
1631153
1402985
1724094
219746
1168090
256687
362412
1666613
947043
2270073
2196002
1915370
1872986
1912069
2033414
1123424
1440952
2309047
1781414
2499833
1323156
1805424
997158
2086838
864015
1574284
1682374
2617572
1066277
702282
785917
571349
1353812
976852
785935
717991
2568493
774434
1341422
403697
650330
10679
434490
517904
1495734
1274667
1869574
268254
857167
1280848
2489543
2221109
845609
267315
1037790
174835
2176848
1579156
1705215
1756750
192388
286216
674397
1059137
819156
767826
2385389
1746016
15856:
2602658
2451835
2638095
1499890
465798
2368526
1709376
1304389
2146336
334757
2422447
366612
810019
456238
1768078
2583753
2374581
1868562
1627100
296718
1559492
190207
429030
1874847
1436889
2456469
1450162
178791
15857:
1169485
1943245
2007621
585051
2339402
2504149
735366
1559509
683506
1048515
2053326
220781
1927146
15858:
551423
1954555
1253498
1417884
1511418
898416
1220290
99454
1614600
1841894
610271
298051
398515
775912
2081290
2296416
1532551
381536
2307940
15778
9393
328015
2013459
1290420
389377
1297548
690019
1128285
970581
1942186
1911833
312903
526455
465309
2448088
2335324
2389347
660879
129424
509446
1058573
1587395
2541849
1544110
1929363
1488203
613287
1557231
258347
1816541
1331942
2101301
145001
2313731
2017543
616512
998915
2634079
2525645
1672560
963409
1722590
1212250
2322171
1609056
266579
2252211
2059929
1423220
1329067
1859448
932191
15841:
1696725
451700